a=0.745514 b=-0.022700 d=0 dt=0.057000
K=-0.089198 tau=0.194088 theta=0.000000
Kp=0.560553 Ki=0.103046 Kd=0.003882
