a=0.976597 b=0.359693 d=26 dt=0.057000
K=15.369231 tau=2.406928 theta=1.482000
Kp=0.003253 Ki=0.008309 Kd=0.048139
